0
0
0
0
0
0
0
0
0
0
0
1
0
0
0
1
0
0
0
1
0
0
0
1
0
0
1
1
0
2
1
0
0
0
0
4
42
2
0
0
1
4
34
15
4
9
15
0
18
8
5
5
2
1
3
10
1
3
6
0
5
6
2
7
4
8
0
12
1
6
4
36
13
13
33
22
1
18
23
2
2
0
36
5
1
4
2
6
26
8
20
35
5
1
4
8
1
18
14
12
18
2
9
1
0
8
27
3
0
4
20
5
6
1
0
0
36
1
7
15
2
0
4
9
7
0
1
1
2
2
9
1
1
16
1
3
15
2
4
4
12
1
5
1
0
22
22
9
21
13
1
4
17
8
2
11
9
23
5
1
9
3
5
1
20
11
1
9
5
0
7
7
15
38
2
6
3
19
4
1
4
15
0
4
6
1
34
15
11
11
14
43
1
3
0
3
13
23
11
5
2
13
24
18
3
0
12
21
42
17
6
1
6
3
10
11
10
9
1
1
2
2
0
0
0
0
2
1
0
0
11
0
19
8
5
3
8
2
3
2
21
7
0
8
3
4
3
5
4
24
33
15
1
4
24
7
4
0
23
8
22
8
0
11
1
3
14
17
0
13
24
2
1
13
6
8
5
3
4
3
4
3
3
19
4
7
82
3
11
1
7
14
2
1
3
21
23
12
4
9
10
21
15
22
10
4
9
4
12
8
29
2
21
1
27
18
14
2
10
1
4
21
36
3
10
24
20
2
20
22
0
0
0
0
2
3
1
7
1
5
10
2
13
19
1
8
9
1
0
0
12
18
6
14
1
10
1
8
27
11
4
29
19
4
0
1
1
24
3
1
6
2
13
0
6
2
1
11
6
1
30
6
6
3
5
7
11
2
7
6
10
4
3
27
3
16
3
3
3
17
28
1
7
1
13
1
10
2
2
0
3
10
28
9
8
14
4
5
29
5
3
1
15
11
1
9
1
3
3
23
15
21
3
1
2
6
10
7
1
5
15
0
0
22
0
6
1
8
3
3
1
2
1
50
2
2
10
1
3
20
18
11
9
50
4
29
7
1
16
29
25
13
20
21
24
7
6
12
15
4
10
36
27
20
22
5
15
28
33
1
2
17
19
11
1
15
10
37
0
10
25
0
0
28
0
10
19
0
17
23
10
10
14
19
10
17
24
2
34
10
19
30
26
16
9
21
34
6
16
17
17
23
25
17
4
4
6
17
13
8
81
24
49
27
24
1
60
17
10
2
118
37
32
15
22
24
14
19
12
16
13
45
44
13
5
1
0
17
14
74
50
13
1
6
149
2
14
84
5
2
0
14
11
0
0
16
20
10
51
14
18
50
1
10
7
6
14
8
35
16
278
14
18
0
1
29
14
1
10
0
14
16
9
35
6
10
6
16
3
44
11
29
15
53
5
38
14
0
53
15
9
146
4
16
20
12
13
15
14
14
5
27
32
18
38
12
42
2
9
6
2
5
14
17
5
3
3
7
32
6
2
12
19
9
6
1
3
47
12
0
12
0
16
34
1
2
16
18
3
2
16
14
9
3
14
9
1
0
1
3